# Noise-free derivative of the total-field anomaly calculated at z = -100 m, 
#on the profile x = 0 m
# x (m)    y (m)    z (m)    total-field anomaly (nT/m)
0.00000 -10000.00000 -100.00000 -0.01419
0.00000 -9746.83544 -100.00000 -0.01517
0.00000 -9493.67089 -100.00000 -0.01622
0.00000 -9240.50633 -100.00000 -0.01737
0.00000 -8987.34177 -100.00000 -0.01862
0.00000 -8734.17722 -100.00000 -0.01998
0.00000 -8481.01266 -100.00000 -0.02146
0.00000 -8227.84810 -100.00000 -0.02308
0.00000 -7974.68354 -100.00000 -0.02485
0.00000 -7721.51899 -100.00000 -0.02679
0.00000 -7468.35443 -100.00000 -0.02892
0.00000 -7215.18987 -100.00000 -0.03125
0.00000 -6962.02532 -100.00000 -0.03382
0.00000 -6708.86076 -100.00000 -0.03664
0.00000 -6455.69620 -100.00000 -0.03974
0.00000 -6202.53165 -100.00000 -0.04313
0.00000 -5949.36709 -100.00000 -0.04681
0.00000 -5696.20253 -100.00000 -0.05077
0.00000 -5443.03797 -100.00000 -0.05493
0.00000 -5189.87342 -100.00000 -0.05913
0.00000 -4936.70886 -100.00000 -0.06303
0.00000 -4683.54430 -100.00000 -0.06597
0.00000 -4430.37975 -100.00000 -0.06665
0.00000 -4177.21519 -100.00000 -0.06260
0.00000 -3924.05063 -100.00000 -0.04911
0.00000 -3670.88608 -100.00000 -0.01754
0.00000 -3417.72152 -100.00000 0.04622
0.00000 -3164.55696 -100.00000 0.15752
0.00000 -2911.39241 -100.00000 0.30578
0.00000 -2658.22785 -100.00000 0.42169
0.00000 -2405.06329 -100.00000 0.57482
0.00000 -2151.89873 -100.00000 1.59574
0.00000 -1898.73418 -100.00000 1.79806
0.00000 -1645.56962 -100.00000 0.17462
0.00000 -1392.40506 -100.00000 -0.05210
0.00000 -1139.24051 -100.00000 -0.18025
0.00000 -886.07595 -100.00000 -0.94526
0.00000 -632.91139 -100.00000 -2.14627
0.00000 -379.74684 -100.00000 -0.13858
0.00000 -126.58228 -100.00000 0.18645
0.00000 126.58228 -100.00000 0.13508
0.00000 379.74684 -100.00000 0.05472
0.00000 632.91139 -100.00000 -0.01954
0.00000 886.07595 -100.00000 -0.10324
0.00000 1139.24051 -100.00000 -0.21890
0.00000 1392.40506 -100.00000 -0.35522
0.00000 1645.56962 -100.00000 -0.41478
0.00000 1898.73418 -100.00000 -0.32697
0.00000 2151.89873 -100.00000 -0.20263
0.00000 2405.06329 -100.00000 -0.13506
0.00000 2658.22785 -100.00000 -0.11045
0.00000 2911.39241 -100.00000 -0.09040
0.00000 3164.55696 -100.00000 -0.05723
0.00000 3417.72152 -100.00000 -0.01676
0.00000 3670.88608 -100.00000 0.01841
0.00000 3924.05063 -100.00000 0.04195
0.00000 4177.21519 -100.00000 0.05440
0.00000 4430.37975 -100.00000 0.05900
0.00000 4683.54430 -100.00000 0.05892
0.00000 4936.70886 -100.00000 0.05643
0.00000 5189.87342 -100.00000 0.05288
0.00000 5443.03797 -100.00000 0.04902
0.00000 5696.20253 -100.00000 0.04524
0.00000 5949.36709 -100.00000 0.04170
0.00000 6202.53165 -100.00000 0.03847
0.00000 6455.69620 -100.00000 0.03555
0.00000 6708.86076 -100.00000 0.03292
0.00000 6962.02532 -100.00000 0.03055
0.00000 7215.18987 -100.00000 0.02842
0.00000 7468.35443 -100.00000 0.02648
0.00000 7721.51899 -100.00000 0.02471
0.00000 7974.68354 -100.00000 0.02310
0.00000 8227.84810 -100.00000 0.02162
0.00000 8481.01266 -100.00000 0.02026
0.00000 8734.17722 -100.00000 0.01900
0.00000 8987.34177 -100.00000 0.01784
0.00000 9240.50633 -100.00000 0.01676
0.00000 9493.67089 -100.00000 0.01576
0.00000 9746.83544 -100.00000 0.01483
0.00000 10000.00000 -100.00000 0.01396
