# Noise-free total-field anomaly calculated at z = -100 m, 
#on the profile x = 0 m
# x (m)    y (m)    z (m)    total-field anomaly (nT)
0.00000 -10000.00000 -100.00000 -68.44550
0.00000 -9746.83544 -100.00000 -72.16002
0.00000 -9493.67089 -100.00000 -76.13165
0.00000 -9240.50633 -100.00000 -80.38223
0.00000 -8987.34177 -100.00000 -84.93587
0.00000 -8734.17722 -100.00000 -89.81925
0.00000 -8481.01266 -100.00000 -95.06192
0.00000 -8227.84810 -100.00000 -100.69671
0.00000 -7974.68354 -100.00000 -106.76010
0.00000 -7721.51899 -100.00000 -113.29270
0.00000 -7468.35443 -100.00000 -120.33971
0.00000 -7215.18987 -100.00000 -127.95139
0.00000 -6962.02532 -100.00000 -136.18348
0.00000 -6708.86076 -100.00000 -145.09745
0.00000 -6455.69620 -100.00000 -154.76038
0.00000 -6202.53165 -100.00000 -165.24416
0.00000 -5949.36709 -100.00000 -176.62334
0.00000 -5696.20253 -100.00000 -188.97055
0.00000 -5443.03797 -100.00000 -202.34742
0.00000 -5189.87342 -100.00000 -216.78724
0.00000 -4936.70886 -100.00000 -232.26227
0.00000 -4683.54430 -100.00000 -248.62212
0.00000 -4430.37975 -100.00000 -265.47716
0.00000 -4177.21519 -100.00000 -281.97665
0.00000 -3924.05063 -100.00000 -296.38881
0.00000 -3670.88608 -100.00000 -305.33503
0.00000 -3417.72152 -100.00000 -302.56900
0.00000 -3164.55696 -100.00000 -277.86998
0.00000 -2911.39241 -100.00000 -219.46947
0.00000 -2658.22785 -100.00000 -125.95923
0.00000 -2405.06329 -100.00000 -4.96306
0.00000 -2151.89873 -100.00000 235.04052
0.00000 -1898.73418 -100.00000 785.80498
0.00000 -1645.56962 -100.00000 984.74033
0.00000 -1392.40506 -100.00000 990.33784
0.00000 -1139.24051 -100.00000 965.20991
0.00000 -886.07595 -100.00000 848.69761
0.00000 -632.91139 -100.00000 395.04950
0.00000 -379.74684 -100.00000 137.43147
0.00000 -126.58228 -100.00000 161.47863
0.00000 126.58228 -100.00000 204.09436
0.00000 379.74684 -100.00000 228.00312
0.00000 632.91139 -100.00000 232.41784
0.00000 886.07595 -100.00000 217.33703
0.00000 1139.24051 -100.00000 177.37222
0.00000 1392.40506 -100.00000 104.45973
0.00000 1645.56962 -100.00000 3.97277
0.00000 1898.73418 -100.00000 -92.37684
0.00000 2151.89873 -100.00000 -158.67687
0.00000 2405.06329 -100.00000 -200.11222
0.00000 2658.22785 -100.00000 -230.72392
0.00000 2911.39241 -100.00000 -256.34944
0.00000 3164.55696 -100.00000 -275.31771
0.00000 3417.72152 -100.00000 -284.69358
0.00000 3670.88608 -100.00000 -284.27221
0.00000 3924.05063 -100.00000 -276.37274
0.00000 4177.21519 -100.00000 -263.97297
0.00000 4430.37975 -100.00000 -249.48978
0.00000 4683.54430 -100.00000 -234.49187
0.00000 4936.70886 -100.00000 -219.85618
0.00000 5189.87342 -100.00000 -206.00720
0.00000 5443.03797 -100.00000 -193.10722
0.00000 5696.20253 -100.00000 -181.17949
0.00000 5949.36709 -100.00000 -170.18023
0.00000 6202.53165 -100.00000 -160.03799
0.00000 6455.69620 -100.00000 -150.67399
0.00000 6708.86076 -100.00000 -142.01185
0.00000 6962.02532 -100.00000 -133.98175
0.00000 7215.18987 -100.00000 -126.52168
0.00000 7468.35443 -100.00000 -119.57729
0.00000 7721.51899 -100.00000 -113.10122
0.00000 7974.68354 -100.00000 -107.05218
0.00000 8227.84810 -100.00000 -101.39403
0.00000 8481.01266 -100.00000 -96.09502
0.00000 8734.17722 -100.00000 -91.12701
0.00000 8987.34177 -100.00000 -86.46496
0.00000 9240.50633 -100.00000 -82.08640
0.00000 9493.67089 -100.00000 -77.97108
0.00000 9746.83544 -100.00000 -74.10060
0.00000 10000.00000 -100.00000 -70.45820
