# Noise-free gravity disturbance calculated at z = -100 m, 
#on the profile x = 0 m
# x (m)    y (m)    z (m)    gravity disturbance (mGal)
0.00000 -10000.00000 -100.00000 0.52004
0.00000 -9166.66667 -100.00000 0.73489
0.00000 -8333.33333 -100.00000 1.09728
0.00000 -7500.00000 -100.00000 1.79132
0.00000 -6666.66667 -100.00000 3.53787
0.00000 -5833.33333 -100.00000 9.74461
0.00000 -5000.00000 -100.00000 14.79868
0.00000 -4166.66667 -100.00000 18.06139
0.00000 -3333.33333 -100.00000 16.37476
0.00000 -2500.00000 -100.00000 14.22602
0.00000 -1666.66667 -100.00000 12.07189
0.00000 -833.33333 -100.00000 10.04857
0.00000 0.00000 -100.00000 7.82294
0.00000 833.33333 -100.00000 5.72234
0.00000 1666.66667 -100.00000 3.95549
0.00000 2500.00000 -100.00000 2.55256
0.00000 3333.33333 -100.00000 1.61351
0.00000 4166.66667 -100.00000 1.05077
0.00000 5000.00000 -100.00000 0.71560
0.00000 5833.33333 -100.00000 0.50818
0.00000 6666.66667 -100.00000 0.37383
0.00000 7500.00000 -100.00000 0.28312
0.00000 8333.33333 -100.00000 0.21966
0.00000 9166.66667 -100.00000 0.17392
0.00000 10000.00000 -100.00000 0.14010
